<?xml version="1.0" encoding="utf-8"?>
<COLLADA xmlns="http://www.collada.org/2005/11/COLLADASchema" version="1.4.1">
  <asset>
    <contributor>
      <author/>
      <authoring_tool>FBX COLLADA exporter</authoring_tool>
      <comments/>
    </contributor>
    <created>2025-01-25T08:59:44Z</created>
    <keywords/>
    <modified>2025-01-25T08:59:44Z</modified>
    <revision/>
    <subject/>
    <title/>
    <unit meter="0.010000" name="centimeter"/>
    <up_axis>Y_UP</up_axis>
  </asset>
  <library_visual_scenes>
    <visual_scene id="Rig" name="Rig">
      <node name="Crab_Root" id="Crab_Root" sid="Crab_Root" type="JOINT">
        <matrix sid="matrix">-0.999693 0.000000 0.024777 0.000000 0.000000 1.000000 0.000000 0.000000 -0.024777 0.000000 -0.999693 0.000000 0.000000 0.000000 0.000000 1.000000</matrix>
        <extra>
          <technique profile="FCOLLADA">
            <visibility>1.000000</visibility>
          </technique>
        </extra>
        <node name="L_leg_01_1" id="L_leg_01_1" sid="L_leg_01_1" type="JOINT">
          <matrix sid="matrix">0.998918 0.000000 -0.046511 5.113222 -0.000000 1.000000 -0.000000 -1.058226 0.046511 0.000000 0.998918 -1.321671 0.000000 0.000000 0.000000 1.000000</matrix>
          <extra>
            <technique profile="FCOLLADA">
              <visibility>1.000000</visibility>
            </technique>
          </extra>
          <node name="L_leg_01_2" id="L_leg_01_2" sid="L_leg_01_2" type="JOINT">
            <matrix sid="matrix">0.999439 0.000000 0.033481 8.855598 0.000000 1.000000 0.000000 -0.000000 -0.033481 -0.000000 0.999439 -0.280676 0.000000 0.000000 0.000000 1.000000</matrix>
            <extra>
              <technique profile="FCOLLADA">
                <visibility>1.000000</visibility>
              </technique>
            </extra>
            <node name="L_leg_01_3" id="L_leg_01_3" sid="L_leg_01_3" type="JOINT">
              <matrix sid="matrix">0.999575 0.000000 0.029167 6.798040 -0.000000 1.000000 -0.000000 0.000000 -0.029167 -0.000000 0.999575 0.463734 0.000000 0.000000 0.000000 1.000000</matrix>
              <extra>
                <technique profile="FCOLLADA">
                  <visibility>1.000000</visibility>
                </technique>
              </extra>
              <node name="L_leg_01_4" id="L_leg_01_4" sid="L_leg_01_4" type="JOINT">
                <matrix sid="matrix">-0.999963 0.000000 -0.008649 5.542424 0.000000 1.000000 0.000000 0.000000 0.008649 0.000000 -0.999963 -0.000000 0.000000 0.000000 0.000000 1.000000</matrix>
                <extra>
                  <technique profile="FCOLLADA">
                    <visibility>1.000000</visibility>
                  </technique>
                </extra>
              </node>
            </node>
          </node>
        </node>
        <node name="L_leg_02_1" id="L_leg_02_1" sid="L_leg_02_1" type="JOINT">
          <matrix sid="matrix">0.999967 0.000000 -0.008072 4.634393 -0.000000 1.000000 -0.000000 -1.058226 0.008072 0.000000 0.999967 -3.217721 0.000000 0.000000 0.000000 1.000000</matrix>
          <extra>
            <technique profile="FCOLLADA">
              <visibility>1.000000</visibility>
            </technique>
          </extra>
          <node name="L_leg_02_2" id="L_leg_02_2" sid="L_leg_02_2" type="JOINT">
            <matrix sid="matrix">0.999925 -0.000000 -0.012278 8.077083 -0.000000 1.000000 0.000000 0.000000 0.012278 -0.000000 0.999925 0.000000 0.000000 0.000000 0.000000 1.000000</matrix>
            <extra>
              <technique profile="FCOLLADA">
                <visibility>1.000000</visibility>
              </technique>
            </extra>
            <node name="L_leg_02_3" id="L_leg_02_3" sid="L_leg_02_3" type="JOINT">
              <matrix sid="matrix">0.999959 -0.000000 -0.009080 5.880505 -0.000000 1.000000 -0.000000 -0.000000 0.009080 -0.000000 0.999959 0.000000 0.000000 0.000000 0.000000 1.000000</matrix>
              <extra>
                <technique profile="FCOLLADA">
                  <visibility>1.000000</visibility>
                </technique>
              </extra>
              <node name="L_leg_02_4" id="L_leg_02_4" sid="L_leg_02_4" type="JOINT">
                <matrix sid="matrix">-0.998531 0.000000 -0.054184 4.896307 0.000000 1.000000 0.000000 0.000000 0.054184 0.000000 -0.998531 0.000000 0.000000 0.000000 0.000000 1.000000</matrix>
                <extra>
                  <technique profile="FCOLLADA">
                    <visibility>1.000000</visibility>
                  </technique>
                </extra>
              </node>
            </node>
          </node>
        </node>
        <node name="L_leg_03_1" id="L_leg_03_1" sid="L_leg_03_1" type="JOINT">
          <matrix sid="matrix">0.999968 0.000000 -0.007995 4.603798 -0.000000 1.000000 -0.000000 -1.058226 0.007995 0.000000 0.999968 -4.906470 0.000000 0.000000 0.000000 1.000000</matrix>
          <extra>
            <technique profile="FCOLLADA">
              <visibility>1.000000</visibility>
            </technique>
          </extra>
          <node name="L_leg_03_2" id="L_leg_03_2" sid="L_leg_03_2" type="JOINT">
            <matrix sid="matrix">0.999669 0.000000 0.025730 6.939448 0.000000 1.000000 -0.000000 0.000000 -0.025730 0.000000 0.999669 -0.000000 0.000000 0.000000 0.000000 1.000000</matrix>
            <extra>
              <technique profile="FCOLLADA">
                <visibility>1.000000</visibility>
              </technique>
            </extra>
            <node name="L_leg_03_3" id="L_leg_03_3" sid="L_leg_03_3" type="JOINT">
              <matrix sid="matrix">0.994308 -0.000000 -0.106547 5.381949 0.000000 1.000000 0.000000 -0.000000 0.106547 0.000000 0.994308 -0.000000 0.000000 0.000000 0.000000 1.000000</matrix>
              <extra>
                <technique profile="FCOLLADA">
                  <visibility>1.000000</visibility>
                </technique>
              </extra>
              <node name="L_leg_03_4" id="L_leg_03_4" sid="L_leg_03_4" type="JOINT">
                <matrix sid="matrix">-0.993533 0.000000 -0.113547 4.005416 0.000000 1.000000 0.000000 0.000000 0.113547 0.000000 -0.993533 0.000000 0.000000 0.000000 0.000000 1.000000</matrix>
                <extra>
                  <technique profile="FCOLLADA">
                    <visibility>1.000000</visibility>
                  </technique>
                </extra>
              </node>
            </node>
          </node>
        </node>
        <node name="R_leg_01_1" id="R_leg_01_1" sid="R_leg_01_1" type="JOINT">
          <matrix sid="matrix">-0.994914 0.000000 -0.100732 -5.111968 0.000000 1.000000 0.000000 -1.058226 0.100732 0.000000 -0.994914 -1.023139 0.000000 0.000000 0.000000 1.000000</matrix>
          <extra>
            <technique profile="FCOLLADA">
              <visibility>1.000000</visibility>
            </technique>
          </extra>
          <node name="R_leg_01_2" id="R_leg_01_2" sid="R_leg_01_2" type="JOINT">
            <matrix sid="matrix">0.999999 0.000000 -0.001120 8.982368 -0.000000 1.000000 -0.000000 -0.000000 0.001120 0.000000 0.999999 0.247845 0.000000 0.000000 0.000000 1.000000</matrix>
            <extra>
              <technique profile="FCOLLADA">
                <visibility>1.000000</visibility>
              </technique>
            </extra>
            <node name="R_leg_01_3" id="R_leg_01_3" sid="R_leg_01_3" type="JOINT">
              <matrix sid="matrix">0.995587 0.000000 -0.093848 6.790040 0.000000 1.000000 0.000000 0.000000 0.093848 0.000000 0.995587 0.016144 0.000000 0.000000 0.000000 1.000000</matrix>
              <extra>
                <technique profile="FCOLLADA">
                  <visibility>1.000000</visibility>
                </technique>
              </extra>
              <node name="R_leg_01_4" id="R_leg_01_4" sid="R_leg_01_4" type="JOINT">
                <matrix sid="matrix">1.000000 0.000000 0.000000 5.550601 0.000000 1.000000 -0.000000 0.000000 0.000000 0.000000 1.000000 0.000000 0.000000 0.000000 0.000000 1.000000</matrix>
                <extra>
                  <technique profile="FCOLLADA">
                    <visibility>1.000000</visibility>
                  </technique>
                </extra>
              </node>
            </node>
          </node>
        </node>
        <node name="R_leg_02_1" id="R_leg_02_1" sid="R_leg_02_1" type="JOINT">
          <matrix sid="matrix">-0.998054 0.000000 -0.062356 -5.052132 0.000000 1.000000 0.000000 -1.058226 0.062356 0.000000 -0.998054 -3.058008 0.000000 0.000000 0.000000 1.000000</matrix>
          <extra>
            <technique profile="FCOLLADA">
              <visibility>1.000000</visibility>
            </technique>
          </extra>
          <node name="R_leg_02_2" id="R_leg_02_2" sid="R_leg_02_2" type="JOINT">
            <matrix sid="matrix">0.999544 0.000000 -0.030205 7.669175 0.000000 1.000000 -0.000000 0.000000 0.030205 0.000000 0.999544 -0.000000 0.000000 0.000000 0.000000 1.000000</matrix>
            <extra>
              <technique profile="FCOLLADA">
                <visibility>1.000000</visibility>
              </technique>
            </extra>
            <node name="R_leg_02_3" id="R_leg_02_3" sid="R_leg_02_3" type="JOINT">
              <matrix sid="matrix">0.992611 -0.000000 0.121343 6.271090 0.000000 1.000000 0.000000 -0.000000 -0.121343 -0.000000 0.992611 -0.087085 0.000000 0.000000 0.000000 1.000000</matrix>
              <extra>
                <technique profile="FCOLLADA">
                  <visibility>1.000000</visibility>
                </technique>
              </extra>
              <node name="R_leg_02_4" id="R_leg_02_4" sid="R_leg_02_4" type="JOINT">
                <matrix sid="matrix">1.000000 0.000000 0.000000 5.442846 0.000000 1.000000 0.000000 0.000000 0.000000 -0.000000 1.000000 -0.000000 0.000000 0.000000 0.000000 1.000000</matrix>
                <extra>
                  <technique profile="FCOLLADA">
                    <visibility>1.000000</visibility>
                  </technique>
                </extra>
              </node>
            </node>
          </node>
        </node>
        <node name="R_leg_03_1" id="R_leg_03_1" sid="R_leg_03_1" type="JOINT">
          <matrix sid="matrix">-0.997859 0.000000 -0.065408 -4.692472 0.000000 1.000000 0.000000 -1.058226 0.065408 0.000000 -0.997859 -4.788369 0.000000 0.000000 0.000000 1.000000</matrix>
          <extra>
            <technique profile="FCOLLADA">
              <visibility>1.000000</visibility>
            </technique>
          </extra>
          <node name="R_leg_03_2" id="R_leg_03_2" sid="R_leg_03_2" type="JOINT">
            <matrix sid="matrix">0.999999 -0.000000 -0.001325 7.092775 -0.000000 1.000000 -0.000000 0.000000 0.001325 0.000000 0.999999 -0.000000 0.000000 0.000000 0.000000 1.000000</matrix>
            <extra>
              <technique profile="FCOLLADA">
                <visibility>1.000000</visibility>
              </technique>
            </extra>
            <node name="R_leg_03_3" id="R_leg_03_3" sid="R_leg_03_3" type="JOINT">
              <matrix sid="matrix">0.999226 0.000000 -0.039340 5.599815 -0.000000 1.000000 0.000000 -0.000000 0.039340 0.000000 0.999226 0.168296 0.000000 0.000000 0.000000 1.000000</matrix>
              <extra>
                <technique profile="FCOLLADA">
                  <visibility>1.000000</visibility>
                </technique>
              </extra>
              <node name="R_leg_03_4" id="R_leg_03_4" sid="R_leg_03_4" type="JOINT">
                <matrix sid="matrix">1.000000 -0.000000 0.000000 4.614731 -0.000000 1.000000 0.000000 0.000000 0.000000 0.000000 1.000000 0.000000 0.000000 0.000000 0.000000 1.000000</matrix>
                <extra>
                  <technique profile="FCOLLADA">
                    <visibility>1.000000</visibility>
                  </technique>
                </extra>
              </node>
            </node>
          </node>
        </node>
        <node name="Swim_L_1" id="Swim_L_1" sid="Swim_L_1" type="JOINT">
          <matrix sid="matrix">0.191327 0.000000 0.981526 2.998318 0.000000 1.000000 -0.000000 0.000000 -0.981526 0.000000 0.191327 -6.930381 0.000000 0.000000 0.000000 1.000000</matrix>
          <extra>
            <technique profile="FCOLLADA">
              <visibility>1.000000</visibility>
            </technique>
          </extra>
          <node name="Swim_L_2" id="Swim_L_2" sid="Swim_L_2" type="JOINT">
            <matrix sid="matrix">0.991993 0.000000 0.126295 3.249030 -0.000000 1.000000 -0.000000 0.000000 -0.126295 0.000000 0.991993 -0.000000 0.000000 0.000000 0.000000 1.000000</matrix>
            <extra>
              <technique profile="FCOLLADA">
                <visibility>1.000000</visibility>
              </technique>
            </extra>
            <node name="Swim_L_3" id="Swim_L_3" sid="Swim_L_3" type="JOINT">
              <matrix sid="matrix">0.991029 0.000000 -0.133650 2.730609 0.000000 1.000000 -0.000000 -0.000000 0.133650 -0.000000 0.991029 -0.000000 0.000000 0.000000 0.000000 1.000000</matrix>
              <extra>
                <technique profile="FCOLLADA">
                  <visibility>1.000000</visibility>
                </technique>
              </extra>
              <node name="Swim_L_4" id="Swim_L_4" sid="Swim_L_4" type="JOINT">
                <matrix sid="matrix">0.974859 0.000000 0.222825 2.958590 0.000000 1.000000 0.000000 0.000000 -0.222825 -0.000000 0.974859 0.000000 0.000000 0.000000 0.000000 1.000000</matrix>
                <extra>
                  <technique profile="FCOLLADA">
                    <visibility>1.000000</visibility>
                  </technique>
                </extra>
                <node name="Swim_L_5" id="Swim_L_5" sid="Swim_L_5" type="JOINT">
                  <matrix sid="matrix">1.000000 0.000000 0.000000 3.667063 0.000000 1.000000 -0.000000 -0.000000 -0.000000 -0.000000 1.000000 0.000000 0.000000 0.000000 0.000000 1.000000</matrix>
                  <extra>
                    <technique profile="FCOLLADA">
                      <visibility>1.000000</visibility>
                    </technique>
                  </extra>
                  <node name="joint44" id="joint44" sid="joint44" type="JOINT">
                    <matrix sid="matrix">0.000000 0.000000 1.000000 -0.000000 0.000000 1.000000 0.000000 0.000000 -1.000000 -0.000000 0.000000 -0.000000 0.000000 0.000000 0.000000 1.000000</matrix>
                    <extra>
                      <technique profile="FCOLLADA">
                        <visibility>1.000000</visibility>
                      </technique>
                    </extra>
                  </node>
                </node>
              </node>
            </node>
          </node>
        </node>
        <node name="Swim_R_1" id="Swim_R_1" sid="Swim_R_1" type="JOINT">
          <matrix sid="matrix">-0.239969 0.000000 0.970781 -3.333117 0.000000 1.000000 0.000000 0.000000 -0.970781 0.000000 -0.239969 -6.581944 0.000000 0.000000 0.000000 1.000000</matrix>
          <extra>
            <technique profile="FCOLLADA">
              <visibility>1.000000</visibility>
            </technique>
          </extra>
          <node name="Swim_R_2" id="Swim_R_2" sid="Swim_R_2" type="JOINT">
            <matrix sid="matrix">0.999166 0.000000 -0.040834 4.008774 0.000000 1.000000 -0.000000 0.000000 0.040834 -0.000000 0.999166 -0.000000 0.000000 0.000000 0.000000 1.000000</matrix>
            <extra>
              <technique profile="FCOLLADA">
                <visibility>1.000000</visibility>
              </technique>
            </extra>
            <node name="Swim_R_3" id="Swim_R_3" sid="Swim_R_3" type="JOINT">
              <matrix sid="matrix">0.996752 -0.000000 0.080528 2.343865 0.000000 1.000000 -0.000000 0.000000 -0.080528 -0.000000 0.996752 0.000000 0.000000 0.000000 0.000000 1.000000</matrix>
              <extra>
                <technique profile="FCOLLADA">
                  <visibility>1.000000</visibility>
                </technique>
              </extra>
              <node name="Swim_R_4" id="Swim_R_4" sid="Swim_R_4" type="JOINT">
                <matrix sid="matrix">0.933056 -0.000000 -0.359732 3.238039 0.000000 1.000000 0.000000 0.000000 0.359732 0.000000 0.933056 -0.000000 0.000000 0.000000 0.000000 1.000000</matrix>
                <extra>
                  <technique profile="FCOLLADA">
                    <visibility>1.000000</visibility>
                  </technique>
                </extra>
                <node name="Swim_R_5" id="Swim_R_5" sid="Swim_R_5" type="JOINT">
                  <matrix sid="matrix">1.000000 0.000000 0.000000 3.357978 0.000000 1.000000 -0.000000 -0.000000 -0.000000 -0.000000 1.000000 -0.000000 0.000000 0.000000 0.000000 1.000000</matrix>
                  <extra>
                    <technique profile="FCOLLADA">
                      <visibility>1.000000</visibility>
                    </technique>
                  </extra>
                </node>
              </node>
            </node>
          </node>
        </node>
        <node name="L_Eye" id="L_Eye" sid="L_Eye" type="JOINT">
          <matrix sid="matrix">0.023460 -0.007972 -0.999693 3.430193 0.321762 0.946821 -0.000000 1.581816 0.946530 -0.321663 0.024777 6.379392 0.000000 0.000000 0.000000 1.000000</matrix>
          <extra>
            <technique profile="FCOLLADA">
              <visibility>1.000000</visibility>
            </technique>
          </extra>
          <node name="L_eye_end" id="L_eye_end" sid="L_eye_end" type="JOINT">
            <matrix sid="matrix">1.000000 0.000000 -0.000000 2.060148 0.000000 1.000000 -0.000000 0.000000 0.000000 0.000000 1.000000 0.000000 0.000000 0.000000 0.000000 1.000000</matrix>
            <extra>
              <technique profile="FCOLLADA">
                <visibility>1.000000</visibility>
              </technique>
            </extra>
          </node>
        </node>
        <node name="R_Eye" id="R_Eye" sid="R_Eye" type="JOINT">
          <matrix sid="matrix">0.023460 -0.007972 -0.999693 -3.265251 0.321762 0.946821 0.000000 1.581816 0.946530 -0.321663 0.024777 6.421690 0.000000 0.000000 0.000000 1.000000</matrix>
          <extra>
            <technique profile="FCOLLADA">
              <visibility>1.000000</visibility>
            </technique>
          </extra>
          <node name="R_eye_end" id="R_eye_end" sid="R_eye_end" type="JOINT">
            <matrix sid="matrix">1.000000 0.000000 -0.000000 2.060148 0.000000 1.000000 -0.000000 0.000000 0.000000 -0.000000 1.000000 0.000000 0.000000 0.000000 0.000000 1.000000</matrix>
            <extra>
              <technique profile="FCOLLADA">
                <visibility>1.000000</visibility>
              </technique>
            </extra>
          </node>
        </node>
        <node name="R_Mouf" id="R_Mouf" sid="R_Mouf" type="JOINT">
          <matrix sid="matrix">0.694506 -0.719060 0.024777 -2.570149 0.719281 0.694720 0.000000 -1.986541 -0.017213 0.017822 0.999693 6.257779 0.000000 0.000000 0.000000 1.000000</matrix>
          <extra>
            <technique profile="FCOLLADA">
              <visibility>1.000000</visibility>
            </technique>
          </extra>
          <node name="joint61" id="joint61" sid="joint61" type="JOINT">
            <matrix sid="matrix">1.000000 0.000000 0.000000 2.682696 0.000000 1.000000 0.000000 -0.000000 -0.000000 0.000000 1.000000 1.396463 0.000000 0.000000 0.000000 1.000000</matrix>
            <extra>
              <technique profile="FCOLLADA">
                <visibility>1.000000</visibility>
              </technique>
            </extra>
          </node>
        </node>
        <node name="L_Mouf" id="L_Mouf" sid="L_Mouf" type="JOINT">
          <matrix sid="matrix">-0.698485 0.715195 -0.024777 2.851019 0.715415 0.698700 0.000000 -1.864175 0.017312 -0.017726 -0.999693 6.430281 0.000000 0.000000 0.000000 1.000000</matrix>
          <extra>
            <technique profile="FCOLLADA">
              <visibility>1.000000</visibility>
            </technique>
          </extra>
          <node name="joint58" id="joint58" sid="joint58" type="JOINT">
            <matrix sid="matrix">1.000000 -0.000000 0.000000 2.653702 -0.000000 1.000000 -0.000000 0.165776 -0.000000 0.000000 1.000000 -0.924651 0.000000 0.000000 0.000000 1.000000</matrix>
            <extra>
              <technique profile="FCOLLADA">
                <visibility>1.000000</visibility>
              </technique>
            </extra>
          </node>
        </node>
        <node name="L_Arm" id="L_Arm" sid="L_Arm" type="JOINT">
          <matrix sid="matrix">0.063822 0.000000 -0.997961 5.546170 -0.000000 1.000000 0.000000 -0.000000 0.997961 0.000000 0.063822 0.856977 0.000000 0.000000 0.000000 1.000000</matrix>
          <extra>
            <technique profile="FCOLLADA">
              <visibility>1.000000</visibility>
            </technique>
          </extra>
          <node name="L_Claw" id="L_Claw" sid="L_Claw" type="JOINT">
            <matrix sid="matrix">0.990627 0.000000 0.136593 12.811464 0.000000 1.000000 0.000000 -0.000000 -0.136593 0.000000 0.990627 -0.054034 0.000000 0.000000 0.000000 1.000000</matrix>
            <extra>
              <technique profile="FCOLLADA">
                <visibility>1.000000</visibility>
              </technique>
            </extra>
            <node name="L_Pincer" id="L_Pincer" sid="L_Pincer" type="JOINT">
              <matrix sid="matrix">0.957397 0.000000 -0.288775 7.107123 -0.000000 1.000000 -0.000000 -0.000000 0.288775 0.000000 0.957397 0.334886 0.000000 0.000000 0.000000 1.000000</matrix>
              <extra>
                <technique profile="FCOLLADA">
                  <visibility>1.000000</visibility>
                </technique>
              </extra>
              <node name="L_Pincer_tip" id="L_Pincer_tip" sid="L_Pincer_tip" type="JOINT">
                <matrix sid="matrix">0.116574 0.000000 -0.993182 10.144738 0.000000 1.000000 -0.000000 0.000000 0.993182 0.000000 0.116574 -0.052093 0.000000 0.000000 0.000000 1.000000</matrix>
                <extra>
                  <technique profile="FCOLLADA">
                    <visibility>1.000000</visibility>
                  </technique>
                </extra>
              </node>
            </node>
          </node>
        </node>
        <node name="R_Arm" id="R_Arm" sid="R_Arm" type="JOINT">
          <matrix sid="matrix">0.014306 -0.000000 -0.999898 -5.496902 -0.000000 -1.000000 0.000000 0.000000 -0.999898 0.000000 -0.014306 1.130677 0.000000 0.000000 0.000000 1.000000</matrix>
          <extra>
            <technique profile="FCOLLADA">
              <visibility>1.000000</visibility>
            </technique>
          </extra>
          <node name="R_Claw" id="R_Claw" sid="R_Claw" type="JOINT">
            <matrix sid="matrix">0.990627 0.000000 0.136593 -12.811464 -0.000000 1.000000 -0.000000 0.000000 -0.136593 -0.000000 0.990627 0.054043 0.000000 0.000000 0.000000 1.000000</matrix>
            <extra>
              <technique profile="FCOLLADA">
                <visibility>1.000000</visibility>
              </technique>
            </extra>
            <node name="R_Pincer" id="R_Pincer" sid="R_Pincer" type="JOINT">
              <matrix sid="matrix">0.957397 -0.000000 -0.288775 -7.107151 0.000000 1.000000 -0.000000 0.000000 0.288775 -0.000000 0.957397 -0.334898 0.000000 0.000000 0.000000 1.000000</matrix>
              <extra>
                <technique profile="FCOLLADA">
                  <visibility>1.000000</visibility>
                </technique>
              </extra>
              <node name="R_Pincer_Tip" id="R_Pincer_Tip" sid="R_Pincer_Tip" type="JOINT">
                <matrix sid="matrix">0.116574 -0.000000 -0.993182 -10.144693 0.000000 1.000000 -0.000000 -0.000000 0.993182 -0.000000 0.116574 0.052095 0.000000 0.000000 0.000000 1.000000</matrix>
                <extra>
                  <technique profile="FCOLLADA">
                    <visibility>1.000000</visibility>
                  </technique>
                </extra>
              </node>
            </node>
          </node>
        </node>
      </node>
      <extra>
        <technique profile="MAX3D">
          <frame_rate>24.000000</frame_rate>
        </technique>
        <technique profile="FCOLLADA">
          <start_time>0.000000</start_time>
          <end_time>8.333333</end_time>
        </technique>
      </extra>
    </visual_scene>
  </library_visual_scenes>
  <scene>
    <instance_visual_scene url="#Rig"/>
  </scene>
</COLLADA>
